23
46
69
92
203
226
293
404
427
450
473
540
563
652
675
698
721
744
811
856
879
902
925
948
993
1016
1039
1062
1085
1196
1307
1506
1529
1574
1751
1928
2149
2216
2261
2284
2307
2352
2441
2486
2685
2796
2973
3084
3107
3130
3153
3176
3199
3222
3311
3444
3467
3512
3711
3888
3911
3934
3979
4024
4047
4070
4247
4314
4425
4470
4493
4692
4825
4870
4893
4916
5027
5072
5161
5536
5757
5912
6067
6112
6135
6180
6269
6534
6601
6646
6713
6758
6825
6870
6959
7048
7181
7314
7425
7536
7669
7802
7935
8068
8135
8180
8225
8380
8447
8558
8581
8648
8737
8804
8827
8850
8961
9028
9073
9096
9207
9230
9275
9298
9343
9410
9433
9456
9523
9568
9591
9680
9725
9814
9859
9926
