23
112
311
356
511
534
623
690
779
890
957
1178
1223
1246
1291
1424
1513
1536
1669
1736
1847
1870
1893
1938
1961
2094
2183
2228
2295
2450
2495
2584
2629
2652
2675
2720
2765
2788
2811
2834
2879
2946
2991
3036
3103
3126
3149
3194
3217
3240
3263
3506
3595
3662
3685
3730
3775
3842
3953
3998
4109
4154
4177
4200
4267
4334
4401
4446
4491
4602
4625
4758
5089
5376
5553
5752
5929
6018
6173
6328
6439
6506
6551
6684
6751
6906
6995
7018
7195
7284
7373
7462
7573
7706
8147
9160
9601
10042
10241
10484
10749
10904
11257
11456
11655
11832
12075
12120
12187
12298
12387
12608
12873
13006
13205
13448
13559
13714
13781
13826
13893
13916
14049
14138
14271
14426
14493
14560
14627
14826
14849
15004
15049
15160
15205
15250
15449
15648
15825
15914
16047
16202
16291
16358
16381
16404
16493
16648
16671
16738
16805
16872
16895
16918
16985
17162
17295
17406
17429
17518
17563
17696
17851
17962
18117
18206
18383
18472
18627
18694
18827
18982
19071
19138
19183
19250
19273
19384
19517
19584
19717
19806
19895
20006
20139
20316
20427
20494
20561
20716
20783
20894
20983
21050
21271
21338
21471
21670
21803
21914
22091
22312
22445
22666
22777
22976
23197
23352
23463
23618
23729
23906
24039
24172
24261
24416
24549
24638
24705
24794
24949
25038
25237
25392
25547
25636
25769
26034
26057
26168
26191
26324
26369
26436
26613
26658
26747
26836
27035
27300
27631
28072
28271
28602
28779
29110
29243
29310
29465
29532
29643
29710
29887
30108
30219
30440
30507
30684
30861
30972
